[gd_scene load_steps=4 format=3 uid="uid://cfpyypyalin0t"]

[ext_resource type="PackedScene" uid="uid://c5v1x7gq64q0q" path="res://Levels/Level.tscn" id="1_n5obl"]
[ext_resource type="PackedScene" uid="uid://cediswgqkrxr" path="res://Assets/Player/Player.tscn" id="2_6qnc0"]
[ext_resource type="PackedScene" uid="uid://ugwk3cbmoi2n" path="res://Assets/Enemy/Zombie.tscn" id="3_ex68u"]

[node name="Main" type="Node3D"]

[node name="Player" parent="." instance=ExtResource("2_6qnc0")]
transform = Transform3D(-0.992506, 0, -0.122199, 0, 1, 0, 0.122199, 0, -0.992506, 0, 3.25535, -7)

[node name="DirectionalLight3D" type="DirectionalLight3D" parent="."]
transform = Transform3D(1, 0, 0, 0, -0.493866, 0.869538, 0, -0.869538, -0.493866, 0, 13.5235, -11)

[node name="DirectionalLight3D2" type="DirectionalLight3D" parent="."]
transform = Transform3D(-0.991229, 0.114912, 0.0652657, -1.35518e-08, -0.493866, 0.869538, 0.132153, 0.861912, 0.489534, 0, 13.5235, 17.1945)

[node name="Zombie" parent="." instance=ExtResource("3_ex68u")]
transform = Transform3D(1, 0, 0, 0, 1, 0, 0, 0, 1, -6, 2.88368, -13)

[node name="Level" parent="." instance=ExtResource("1_n5obl")]
